778 10
-5.325 1.471 -2.761 12.438 10.990 0.656 11.632 9.725 10.012 -4.178
-6.489 -2.824 -5.084 8.811 8.081 -7.629 8.254 5.411 7.581 -2.604
-6.595 -0.031 -3.104 7.534 9.532 -4.045 10.524 5.932 10.634 4.391
-6.876 3.903 -1.153 6.865 10.580 -3.672 4.829 9.095 8.930 -4.750
-7.093 0.912 -2.656 7.689 12.308 -4.587 -1.213 -1.830 8.957 0.970
-6.205 0.428 -3.454 11.401 16.764 -0.717 10.338 10.482 10.489 -4.973
0.495 4.514 -2.755 8.000 5.710 -7.019 -0.429 -0.095 4.421 -8.353
7.260 4.965 -3.558 -3.242 4.577 -6.977 1.703 5.630 7.428 -10.695
5.441 2.242 -4.391 -4.233 9.945 -2.429 2.899 1.072 6.741 -4.874
7.617 -1.334 -4.863 -4.721 6.199 -1.415 4.832 -0.855 12.325 -1.342
7.381 -1.945 -5.420 -3.861 5.552 3.758 0.528 2.346 10.831 -2.976
7.275 -0.849 -5.611 -5.856 6.096 4.976 -0.922 3.769 12.625 -1.489
7.247 2.068 -7.527 -4.669 3.771 4.793 0.435 1.439 7.438 2.812
5.901 0.632 -4.450 -2.248 9.876 3.391 -0.676 0.910 2.599 1.410
7.991 0.855 -5.884 -6.403 7.911 3.506 -2.509 2.111 7.289 -3.403
7.322 -1.606 -4.132 -6.199 6.828 1.477 0.947 -0.243 4.338 -3.661
7.018 -0.651 -7.163 -5.024 9.255 4.006 0.622 3.882 9.240 0.543
8.625 -0.582 -8.656 -5.190 11.942 1.862 -0.468 5.555 7.991 3.409
7.670 -1.602 -7.242 -2.590 5.580 0.155 -2.516 2.631 5.021 2.374
1.561 4.593 -6.815 -6.256 9.240 0.968 -2.203 -2.724 0.985 -0.397
2.738 4.208 -8.516 -7.465 12.127 -1.767 4.478 -4.384 7.601 3.777
-1.240 8.604 0.798 -6.990 12.523 -1.689 2.024 -1.743 6.376 -3.124
8.224 10.951 1.894 -1.639 -1.183 2.138 0.002 -8.859 -3.507 -7.478
3.278 9.447 -0.138 3.367 3.366 0.496 2.421 -12.906 -3.063 -7.372
1.655 9.251 2.348 3.873 0.557 -6.436 0.173 -8.470 -4.862 -8.461
3.002 7.854 -0.160 2.018 -1.726 -5.520 -0.358 -10.013 -5.174 -2.377
3.340 5.998 -3.002 2.109 0.823 -0.815 -2.120 -7.646 -2.460 4.677
4.638 4.658 -4.113 -2.429 1.055 1.885 3.845 -3.440 -1.544 -0.945
4.005 5.723 -4.212 -6.453 2.014 2.347 4.595 1.111 -6.209 -5.582
5.599 6.759 -6.462 -8.471 4.148 7.208 5.465 -0.627 -5.434 -5.423
5.728 6.174 -2.756 -12.189 2.191 10.693 7.088 -0.864 -6.804 -10.671
7.709 5.636 -8.273 -11.272 5.909 10.375 9.458 1.371 -7.016 -10.611
5.429 6.769 -8.281 -7.964 4.252 6.620 12.319 0.917 -10.070 -11.812
0.562 4.839 -5.606 -5.232 3.183 6.440 12.218 1.400 -3.640 -4.884
3.920 6.086 -6.382 -9.477 -2.052 4.126 11.714 3.811 -1.592 -10.981
3.059 7.324 -5.611 -6.528 -3.787 -2.164 10.731 -2.464 -5.575 -10.005
2.091 8.104 -2.792 -5.680 1.769 0.806 6.618 3.864 -5.595 -13.289
-6.620 1.058 -2.984 -0.264 6.101 2.362 6.334 2.223 3.922 -2.807
-7.577 -2.100 1.622 1.733 4.180 1.234 5.309 2.702 1.514 -6.859
-1.918 2.730 1.763 -4.376 -1.052 -3.707 10.875 4.676 1.583 -0.113
2.567 6.885 -1.800 -7.057 0.316 -4.467 11.560 12.596 7.322 -0.982
1.828 6.652 -2.075 -6.479 0.140 -2.405 5.859 2.083 -2.473 -9.860
2.002 6.104 -0.395 -5.525 -3.641 -0.666 15.435 7.285 -0.331 -7.910
-4.542 1.606 -0.835 -3.495 -0.576 4.183 12.745 3.289 -1.699 -7.358
0.775 3.927 -2.241 -5.529 2.434 -1.647 10.601 7.258 3.841 -2.692
1.624 7.816 -2.550 -5.170 0.057 1.492 10.847 10.747 8.604 -6.218
1.915 5.286 -3.597 -0.665 -2.001 -3.069 11.666 7.308 4.051 -8.904
1.579 5.263 -1.811 -3.764 3.112 2.895 10.124 6.723 5.086 -7.248
4.268 7.942 -5.099 -7.730 -0.297 -0.500 10.484 6.804 -2.720 -8.145
0.178 6.703 -6.373 -4.550 -0.297 -5.696 9.706 7.528 -2.751 -4.671
0.370 4.656 -3.725 -6.508 0.314 -0.400 6.474 5.989 0.093 -3.622
1.710 5.342 -4.104 -5.844 -0.355 -2.127 3.650 6.031 0.197 -3.098
3.550 2.804 -6.478 -11.032 -0.710 0.276 7.339 5.599 -3.490 -4.310
4.078 5.387 -5.460 -10.177 -3.352 2.474 15.425 0.570 0.105 -2.141
0.292 6.745 -5.387 -8.744 -1.103 7.136 17.074 3.662 -2.798 -3.073
-1.991 5.746 -3.941 -0.606 0.684 8.531 14.844 3.817 -4.931 -1.474
1.205 5.752 -3.059 3.787 8.603 6.717 11.177 0.560 -2.402 4.290
3.681 10.170 4.322 9.706 14.697 2.275 6.412 4.143 5.466 0.707
-0.339 8.024 6.515 14.580 12.320 0.168 6.188 2.761 3.244 3.632
-1.627 7.897 8.180 16.312 15.970 4.757 14.598 4.995 6.523 6.941
-3.420 7.640 5.015 12.915 19.204 5.808 18.983 5.571 4.001 3.930
-0.968 -4.308 -8.334 4.959 19.618 -0.289 2.892 5.099 10.462 12.481
-2.685 -11.549 -11.808 0.852 17.265 -7.355 -1.014 4.810 5.357 10.262
-3.874 -8.607 -11.044 4.961 22.905 -1.979 3.514 9.513 8.113 18.448
-4.942 -5.799 -6.631 3.194 12.652 -0.222 10.582 5.189 1.458 15.570
-3.466 -6.058 -2.036 5.404 11.777 -0.270 5.763 8.104 2.366 4.496
1.550 -3.762 -5.283 -0.326 7.966 3.095 2.344 6.879 2.816 1.049
4.786 -10.354 -4.900 -3.810 8.065 0.761 -0.673 8.342 0.399 0.352
4.526 -12.596 -3.410 -4.484 5.174 -2.464 -2.659 8.951 3.059 -0.458
4.289 -11.230 -2.282 -2.978 6.501 -7.398 -5.244 9.594 3.121 0.559
5.394 -8.841 -0.269 -1.247 11.750 -10.673 -8.103 10.081 -1.987 6.749
3.318 0.103 -0.850 1.777 15.358 -8.351 -3.878 4.956 -3.136 13.233
-2.677 5.701 -6.996 5.911 17.082 -2.919 5.231 -2.918 5.404 12.391
-4.643 1.820 -4.823 4.799 17.723 -0.519 7.114 -0.772 3.502 8.136
-3.535 -6.775 -10.356 2.565 24.680 3.086 9.469 4.131 4.277 13.717
-1.768 -8.817 -13.063 2.523 26.282 1.876 7.703 3.797 2.134 21.170
-0.302 -3.849 -16.495 0.791 15.626 -2.949 0.848 7.206 2.470 8.574
3.692 -4.577 -0.608 0.333 -0.031 -14.505 -7.289 2.659 -7.768 2.230
-0.293 -9.416 1.635 -5.233 -8.644 -16.347 -12.944 9.857 -7.757 -2.530
-1.690 -10.138 -1.038 -4.109 -15.886 -15.015 -12.896 6.115 -2.898 -8.017
2.278 -9.982 -0.395 6.090 -16.221 -10.205 -7.400 1.074 4.051 -1.117
3.207 -3.352 0.925 14.613 -10.624 -1.633 -3.095 -3.742 3.014 1.744
1.153 -6.631 1.443 8.538 -8.697 -8.775 -6.962 -2.049 5.665 0.035
0.719 -10.032 1.132 1.836 -12.508 -14.424 -5.837 3.765 7.098 -1.300
-1.084 -12.899 0.514 -5.846 -14.246 -21.582 -4.972 1.702 1.040 -7.001
-1.458 -12.481 2.128 -7.076 -13.376 -21.694 -5.064 8.289 -1.523 -4.130
-2.707 -11.000 1.818 -5.553 -13.699 -17.683 -9.043 13.579 -1.481 -4.338
-2.559 -11.838 1.729 -6.678 -14.708 -16.557 -11.813 13.144 -1.060 -7.336
-1.805 -12.421 2.430 -7.979 -13.280 -16.601 -11.734 12.524 0.383 -7.723
0.340 -12.891 4.033 -7.565 -8.960 -14.804 -10.898 13.075 4.501 -4.837
1.886 -15.054 2.021 -8.396 -8.489 -12.940 -18.258 7.674 4.343 -2.695
5.565 -13.089 1.429 -6.952 -4.431 -3.242 -19.195 2.299 2.031 0.665
3.181 -3.908 1.865 1.682 2.911 3.278 -6.864 -9.893 -3.006 -2.413
1.447 -2.000 3.116 1.802 -3.666 3.911 1.667 -15.723 -16.244 -2.155
0.778 -0.072 0.384 -0.359 -7.895 4.865 1.793 -19.887 -17.222 -0.182
-0.429 -0.899 1.490 -1.505 -7.451 5.322 -2.850 -22.861 -16.506 -1.908
0.951 -7.048 -3.017 -7.707 -5.132 1.067 -4.599 -8.982 -7.764 -9.156
3.092 -9.827 -6.727 -15.530 -1.748 5.682 -10.399 -2.722 -1.553 -4.926
1.042 -12.736 -11.092 -17.051 -0.966 6.082 -15.184 -3.457 -1.272 -5.680
-0.057 -14.036 -11.713 -16.102 1.215 6.553 -18.461 -2.362 -1.770 -5.292
0.339 -12.612 -9.879 -13.358 1.166 11.011 -15.917 0.275 -0.044 -4.919
0.025 -12.941 -10.255 -13.070 -0.154 12.105 -15.799 -0.560 -0.067 -5.623
0.714 -12.585 -9.384 -11.461 -0.055 13.019 -14.915 0.271 2.853 -3.602
1.232 -12.507 -9.014 -10.402 -0.009 7.944 -10.070 -1.735 3.521 2.756
3.017 -13.058 -9.782 -6.618 -3.866 -1.893 -1.661 -5.762 0.745 10.867
4.044 -9.033 -10.584 3.078 -4.719 -3.199 -0.060 -7.071 1.378 13.156
3.777 -5.775 -10.360 5.260 2.823 -15.460 -3.740 -6.143 5.614 8.790
1.925 -8.851 -9.721 -0.773 -0.046 -23.990 -4.688 -5.313 1.015 3.731
3.143 -9.195 -6.162 -2.492 -4.494 -20.887 -6.545 -3.638 -2.357 8.489
4.133 -7.534 -2.958 -2.725 -7.338 -10.377 -9.758 -5.997 -3.202 10.516
4.204 -3.450 -2.597 -1.991 -5.668 -5.041 -14.968 -5.261 -11.490 8.125
6.238 -0.134 -0.182 -0.431 8.127 2.284 -8.167 -1.919 -18.267 11.133
6.616 4.132 1.075 6.928 13.975 3.143 -2.276 -4.100 -3.864 6.021
3.571 6.805 6.379 9.372 6.503 -8.262 -5.049 -6.196 3.506 6.480
-1.866 3.211 3.331 4.062 9.075 -1.631 4.223 3.677 1.137 8.308
-0.456 -0.282 -9.275 2.340 9.943 -0.502 3.512 6.846 5.432 3.603
-3.812 -8.638 -16.905 -3.174 14.487 3.459 1.216 -2.947 -3.829 8.968
-4.774 -7.418 -17.432 -4.589 14.492 2.348 4.596 1.301 -6.661 10.070
2.533 -3.053 -16.557 -4.719 12.084 4.484 4.890 -3.748 -17.180 10.834
4.428 0.697 -5.786 -17.194 4.727 1.723 -4.826 -4.270 -18.268 6.454
3.982 -2.816 -5.412 -22.396 -3.006 0.471 -5.422 0.984 -14.789 2.207
5.372 -4.732 -3.570 -23.887 -2.820 1.698 -6.428 2.000 -11.682 2.387
5.655 -5.971 -3.875 -23.852 -3.259 3.528 -5.006 -0.678 -10.115 2.680
5.530 -5.643 -3.794 -24.429 -3.247 3.842 -4.529 -2.059 -10.682 2.209
5.734 -4.269 -4.412 -24.763 -3.090 4.074 -6.407 -1.920 -13.349 0.691
5.799 -0.804 -4.775 -19.499 -0.850 5.503 -1.261 -1.344 -15.666 4.186
8.008 3.711 -11.114 -14.913 3.559 5.553 6.026 -2.815 -17.065 3.030
6.004 8.917 -8.028 -7.450 7.483 4.369 3.700 2.506 -8.630 5.108
1.842 4.108 -5.620 1.140 9.314 5.227 6.028 -3.001 -6.374 3.290
-2.575 1.824 -5.372 4.005 10.044 5.858 9.455 -3.060 -3.662 -0.960
-4.343 -2.618 -5.379 7.106 14.041 3.685 8.451 -1.984 -5.864 1.858
-6.097 -0.946 -5.085 8.473 13.265 4.263 5.013 -6.922 2.486 4.979
-6.134 3.348 -1.845 8.180 10.305 2.042 8.050 -1.164 -3.842 -5.049
-3.519 8.656 -1.105 5.297 5.578 0.416 -0.631 -3.538 -2.312 -4.007
-0.599 10.072 -4.173 -1.730 3.593 2.627 5.787 -4.713 -8.518 1.166
0.537 8.464 -3.176 -6.034 3.281 2.390 -0.370 -6.824 -15.137 -0.018
0.882 8.438 -5.623 -8.364 5.181 5.290 -6.542 -8.596 -17.198 1.815
1.286 6.389 -7.033 -9.324 1.751 4.103 -7.206 -10.676 -23.168 0.861
1.469 6.000 -7.541 -8.022 1.772 5.942 -9.022 -12.204 -22.298 3.148
1.120 6.269 -5.119 -6.592 2.974 4.042 -1.208 -12.088 -19.672 2.628
1.441 7.103 -4.393 -7.529 3.508 5.202 0.675 -14.759 -20.604 3.950
1.573 6.141 -3.876 -4.772 1.957 5.297 0.920 -14.254 -19.337 1.034
1.318 5.772 -2.949 -5.416 -0.097 8.055 -2.383 -13.159 -18.412 -1.237
0.855 6.066 -2.452 -8.469 2.548 3.787 1.357 -15.364 -21.407 -1.890
1.054 4.589 -3.064 -6.433 3.270 3.801 -5.378 -7.874 -17.544 -5.130
2.594 6.006 -3.051 -7.742 3.694 3.219 -6.752 -0.550 -17.964 -6.844
2.684 4.564 -0.821 -4.813 -8.491 5.319 5.660 -6.286 -14.026 -1.325
2.557 4.438 0.389 -1.803 -11.202 10.894 10.622 -12.792 -10.701 -3.045
2.293 5.106 1.314 -0.920 -13.392 11.204 13.982 -14.365 -13.731 -3.762
1.878 4.309 -0.470 -2.246 -15.194 9.348 13.369 -13.596 -11.562 -3.847
1.229 3.398 0.473 -4.085 -15.340 10.252 13.059 -11.762 -11.019 -3.523
1.611 2.203 2.247 -5.659 -15.434 7.825 10.611 -11.608 -11.868 -3.700
1.748 2.751 0.864 -5.496 -11.765 4.794 8.202 -9.370 -9.828 -3.175
2.753 2.796 -0.609 -10.718 -17.051 5.041 8.894 -5.169 -6.741 0.344
3.821 0.478 -2.057 -16.056 -15.624 8.844 8.562 -2.154 -7.278 -0.907
4.625 -0.732 -5.157 -16.830 -16.703 11.604 1.319 -1.540 -8.984 -2.065
5.727 -2.065 -6.777 -16.439 -14.485 11.442 -0.313 -3.366 -9.572 -1.001
5.125 -1.979 -7.170 -15.783 -8.402 8.759 -4.078 -3.551 -10.356 0.046
-0.224 6.858 -9.694 -11.538 -1.424 0.019 -1.291 -10.494 -5.319 6.040
-6.414 10.553 -5.845 -0.356 5.116 -1.423 -0.715 -10.417 0.816 -3.130
2.119 14.003 2.511 3.469 2.547 -0.653 4.808 -11.476 3.607 -2.334
5.610 9.943 5.278 5.132 6.111 4.001 -2.362 -6.452 0.533 -0.425
-1.657 20.106 -2.223 10.966 3.141 -1.790 3.001 -3.137 2.001 -0.937
-8.854 10.156 -3.650 9.785 6.724 -0.165 -0.414 -2.920 4.949 3.516
-2.232 2.878 -3.192 -0.389 0.634 -5.460 -14.065 -2.708 10.903 6.746
-2.845 -3.226 -3.580 -2.009 -7.739 -8.642 -17.517 1.471 13.494 3.767
-2.860 -5.565 0.690 -3.546 -6.915 -7.712 -15.316 3.834 11.917 2.471
-1.970 -7.169 1.779 -3.537 -6.622 -7.996 -16.027 5.330 10.783 1.074
-0.806 -7.695 2.011 -2.711 -6.396 -10.270 -13.625 3.321 8.122 0.787
-2.232 -4.592 0.598 0.973 -10.537 -6.845 -15.842 7.459 1.122 3.816
-1.100 -4.282 2.157 3.737 -9.983 -8.798 -14.993 8.079 1.377 2.708
1.091 -5.094 3.955 7.480 -10.825 -4.962 -18.517 8.313 2.393 1.927
2.872 -5.645 5.219 13.533 -10.505 -0.428 -18.633 4.140 3.987 4.641
4.604 3.651 14.013 14.492 4.282 -7.653 -9.290 -4.389 4.663 7.610
2.532 3.093 11.205 13.717 -1.335 2.924 -7.495 -3.390 -2.361 5.787
-2.996 -3.789 10.099 13.643 -3.251 -5.016 -12.697 -0.261 -1.405 -1.264
-1.344 -2.832 14.146 9.662 -1.112 -13.516 -6.717 5.540 -3.799 -2.506
-0.328 -4.193 16.634 9.275 -3.906 -10.591 -6.024 10.175 -12.106 -2.489
-1.608 -2.788 16.268 10.258 -8.377 -8.322 -4.608 12.291 -14.505 -1.678
-2.693 0.039 16.565 5.015 -16.836 -4.999 1.620 15.221 -14.753 -3.480
-3.253 3.784 20.049 0.489 -17.951 -0.938 4.706 13.967 -13.243 -4.703
-1.169 7.921 14.682 -5.465 -9.197 5.698 5.526 8.506 -16.186 -6.009
5.219 8.039 3.978 7.294 -10.268 2.036 11.295 1.250 -15.275 -6.423
5.929 7.103 5.796 5.884 -10.558 2.885 13.968 1.085 -16.265 -8.016
6.733 7.788 4.535 6.811 -10.161 3.900 14.401 3.679 -17.230 -7.631
4.395 12.394 1.763 6.040 -4.236 -4.039 20.708 -1.753 -13.158 -4.908
2.860 12.190 5.155 4.187 -7.694 0.382 17.657 -1.945 -10.034 -7.235
1.568 8.961 12.746 1.811 -15.223 12.421 4.544 0.645 -1.986 -12.989
2.601 4.168 13.371 9.187 -15.998 -1.999 14.099 5.565 -2.471 -15.668
3.838 7.494 5.958 9.000 -5.307 -2.240 17.120 -5.789 -4.712 -8.164
3.807 7.465 5.718 8.342 -8.550 4.403 18.128 -14.118 -8.102 -2.436
3.833 6.089 5.257 6.241 -9.465 10.673 18.105 -13.911 -12.243 -1.913
5.346 3.285 6.094 6.576 -12.508 15.051 19.127 -14.970 -12.736 -6.297
5.800 0.953 7.344 3.491 -12.294 17.106 18.660 -11.025 -13.424 -4.078
3.519 1.542 7.048 -1.771 -10.202 12.793 19.162 -9.779 -8.837 0.622
1.119 1.138 5.216 -0.568 -9.312 8.184 12.491 -6.253 -7.108 2.184
4.738 -0.609 7.679 -5.292 -15.308 13.374 12.203 -5.004 -7.708 0.448
6.369 0.182 7.732 -6.382 -18.171 13.903 11.387 -0.561 -6.011 2.678
5.968 0.645 7.543 -7.102 -18.494 12.371 12.525 -2.321 -4.666 3.147
4.875 0.858 3.551 -10.090 -13.577 9.951 17.156 -7.068 0.978 -0.697
5.776 0.364 0.609 -12.827 -8.892 10.581 19.352 -6.484 -0.588 -1.534
8.959 -0.821 2.611 -11.616 0.091 8.323 10.102 -2.759 -6.664 3.627
6.230 4.362 0.640 -4.810 5.158 7.659 7.326 -4.576 -7.946 10.805
-1.368 12.547 -3.071 1.615 2.044 5.683 9.998 -12.194 -1.611 5.612
-3.759 11.853 0.032 7.287 5.020 8.625 9.685 -2.474 4.223 -12.114
-4.080 1.732 4.386 9.276 8.560 9.521 9.902 0.427 4.717 -4.544
-4.520 1.839 2.759 6.968 9.638 5.425 6.581 4.197 3.627 -6.978
-4.123 0.910 2.424 4.531 3.218 1.654 9.261 2.345 1.966 -2.433
-12.066 3.201 3.308 -3.432 5.588 -5.647 8.297 2.988 9.435 4.390
-7.829 7.814 1.807 -1.069 6.476 -3.201 5.902 -0.338 4.010 3.246
3.865 3.919 1.002 -7.186 0.953 10.130 -7.716 -3.344 4.665 5.944
2.975 0.866 0.191 -9.242 -3.719 11.467 -10.514 -5.084 0.925 6.688
3.496 -0.220 1.065 -11.719 -2.615 14.195 -7.964 -6.451 0.197 4.830
4.282 -0.135 -0.035 -11.678 -2.608 15.018 -6.191 -6.582 -0.580 3.609
4.207 -0.276 0.194 -11.440 -2.348 14.660 -7.789 -5.394 -1.539 5.002
2.463 0.996 -0.727 -8.515 -1.635 12.584 -8.937 -5.382 -1.253 5.605
1.207 2.365 -0.263 -7.076 0.998 9.705 -9.417 -5.447 -2.515 8.148
0.840 4.233 0.088 -3.839 1.857 5.640 -8.333 -5.881 -5.125 10.322
0.782 7.960 1.583 -2.882 6.012 5.136 -1.770 -10.918 -10.237 11.778
1.115 11.499 -1.744 2.341 8.887 2.321 5.397 -6.995 -6.175 4.702
1.174 10.675 1.060 6.740 9.513 3.519 3.473 -14.949 -1.892 6.254
-1.803 12.525 1.026 6.080 12.055 4.703 1.973 -13.434 1.621 6.126
-5.998 13.744 -2.482 9.627 14.169 2.492 7.870 -16.547 1.748 7.116
-7.403 16.862 -6.276 10.387 12.174 -1.779 7.315 -14.608 -0.451 10.999
-4.704 15.231 -5.593 9.259 10.205 -1.813 3.067 -12.004 -4.344 9.526
-3.579 11.114 -3.129 4.578 10.104 -2.456 -0.153 -11.828 -6.502 11.604
-1.505 8.166 -3.428 6.578 7.799 -2.731 -4.538 -9.131 -4.993 9.104
-1.001 6.015 -1.794 5.677 5.879 -2.882 -7.894 -6.963 -2.979 10.466
-0.083 4.851 -1.076 5.640 4.430 -2.529 -7.615 -5.978 -0.373 10.084
-0.291 3.124 0.073 8.088 4.281 -3.735 -10.574 -2.167 -1.739 8.850
-0.049 2.683 3.396 8.137 6.173 -6.603 -11.076 1.091 -6.034 8.670
1.191 1.882 1.998 5.856 8.808 -6.558 -10.579 6.840 -8.509 7.336
-0.257 -1.093 -3.129 15.936 17.505 -3.103 -12.559 6.574 -5.617 8.995
2.795 4.488 3.546 14.097 14.599 -4.027 -7.051 1.090 -1.468 2.804
-2.630 8.581 5.659 8.034 10.959 -4.848 -3.699 -8.346 1.306 2.203
-4.113 3.777 7.434 3.064 8.593 0.511 0.534 -1.233 -1.170 1.059
-8.803 1.412 1.709 4.669 7.471 4.327 -0.168 -1.562 0.548 -4.930
-5.216 2.216 -2.352 5.244 10.234 -1.422 -1.780 -2.692 -2.751 -1.823
-5.307 2.364 1.816 4.864 7.424 1.538 -0.737 -3.749 -1.911 -1.670
-5.758 0.340 1.186 6.926 8.833 5.146 1.048 -4.358 1.331 -1.952
-6.663 0.911 6.942 4.491 1.870 6.996 3.399 -8.961 6.361 -0.730
-4.982 0.248 -1.017 12.854 2.306 0.504 3.224 1.014 3.808 1.501
-12.072 -10.254 -17.283 7.575 9.571 -12.721 -0.804 5.773 7.686 11.550
-12.963 -5.958 -11.973 13.366 12.481 -13.335 1.397 9.395 4.270 6.152
-8.594 -2.141 -9.743 8.351 5.717 -16.715 -0.541 -0.044 -1.277 -5.633
-8.089 -1.290 -2.503 14.060 6.818 -8.604 5.639 4.421 0.877 0.478
-2.362 4.610 -0.188 16.795 14.331 -13.389 -2.807 7.306 3.481 -1.488
3.082 4.190 4.688 18.503 6.254 -18.121 -2.475 6.096 -0.213 5.309
3.229 -0.719 10.389 13.174 5.152 -16.221 -3.595 6.349 -2.897 0.785
2.960 -0.643 11.418 12.985 4.346 -11.620 -6.450 4.238 -3.240 -6.052
3.271 -1.438 9.780 13.372 3.462 -11.603 -9.105 5.877 -2.794 -5.294
3.030 -1.986 10.568 11.724 3.099 -11.015 -9.187 4.656 -2.433 -4.461
2.391 -1.660 7.863 13.255 1.973 -9.255 -10.269 5.328 -3.139 -4.586
3.648 -4.243 8.309 12.730 0.087 -8.163 -10.789 3.391 0.791 -5.028
2.656 -4.252 7.429 13.045 -0.858 -7.962 -10.016 3.839 0.973 -4.324
3.748 -2.836 7.834 12.034 -0.129 -7.968 -9.618 3.319 0.834 -2.050
3.660 -2.947 7.291 11.510 -1.732 -6.586 -9.135 2.728 1.331 -2.357
3.654 -2.804 7.546 11.716 -1.713 -6.590 -10.417 3.163 0.211 -2.571
2.854 -2.616 7.826 11.822 -1.342 -6.958 -11.124 2.745 0.111 -2.094
2.506 -3.045 8.739 11.903 -0.293 -7.400 -9.869 0.790 1.592 -3.218
6.227 -4.330 10.064 10.982 0.338 -8.612 -9.778 1.872 1.410 -0.718
6.530 -3.459 6.631 13.852 -1.330 -8.430 -8.535 1.519 1.395 0.493
6.285 -3.176 5.043 13.998 -0.518 -9.499 -6.202 2.345 0.904 0.706
6.469 -3.371 4.839 12.248 -1.065 -7.078 -7.506 1.309 3.708 -0.647
7.464 -5.752 5.740 10.652 0.148 -7.523 -8.137 2.416 4.374 -1.077
7.160 -2.576 -0.634 15.226 -2.179 -7.505 -6.489 2.713 1.231 2.869
7.336 -0.845 -0.814 9.776 1.158 -7.434 -8.423 3.835 0.814 2.725
7.124 -4.994 4.147 6.593 0.514 -7.177 -8.865 2.960 -0.966 4.490
7.620 -3.312 0.887 8.143 -0.765 -5.373 -9.388 0.275 -2.559 5.665
7.248 -0.709 1.285 7.158 0.320 -6.583 -10.163 -1.664 -0.997 7.834
7.240 -0.166 1.448 0.924 3.019 -5.690 -7.232 -2.335 -3.070 8.650
5.739 6.505 -1.009 2.057 2.175 -5.430 -0.414 -7.035 -1.331 7.836
7.002 5.293 -5.124 0.185 3.042 -6.613 -1.326 -6.023 -1.015 11.777
6.052 4.717 -8.355 -2.972 4.503 -3.000 2.522 -6.463 6.035 11.598
-1.161 5.738 -4.065 -1.436 2.240 -7.654 -2.094 -7.981 2.180 5.008
-5.925 6.436 -2.420 -0.312 8.075 -3.461 3.971 0.813 7.364 -2.485
-3.167 3.017 -2.210 4.689 5.174 -4.281 6.002 2.765 0.267 -4.242
-5.295 1.294 -4.758 3.552 5.859 -4.928 2.397 0.607 3.642 -3.137
-3.532 2.864 -3.138 -0.232 -3.596 -5.171 8.643 0.551 7.997 5.517
-0.495 7.472 0.336 -7.266 -8.503 -7.870 7.356 1.929 11.171 7.466
0.274 8.900 -0.376 -4.695 -10.744 -9.808 1.846 5.114 9.285 1.317
-0.433 5.983 -1.569 -0.751 -5.194 -11.654 -4.273 -0.184 3.917 1.856
-0.303 4.176 -2.635 -6.292 1.025 -2.239 -1.389 5.426 6.809 -0.414
2.459 5.397 -1.176 -8.657 1.457 8.984 9.400 16.023 7.296 -2.600
11.999 4.796 1.324 -16.775 -16.013 5.516 4.723 7.360 3.771 -5.961
12.717 -2.384 5.134 -18.361 -18.130 11.075 2.484 9.560 5.124 -6.222
12.831 -1.396 4.189 -16.173 -17.919 11.134 4.528 11.111 2.478 -8.270
10.209 -3.235 5.723 -14.811 -14.376 10.166 4.086 7.758 2.980 -10.318
6.801 -1.762 4.391 -11.756 -14.461 12.007 5.114 6.344 0.541 -10.600
5.015 -1.433 3.778 -11.975 -11.732 11.485 7.946 2.368 -2.153 -8.845
5.100 -0.231 1.571 -12.501 -11.223 10.335 10.531 -1.508 -2.971 -7.559
4.467 0.695 -0.311 -10.037 -9.352 9.076 10.956 -4.193 -6.594 -5.480
6.536 -0.166 -1.824 -8.497 -10.101 7.878 11.650 -7.514 -9.165 -2.241
6.828 0.379 -3.296 -7.407 -7.968 5.569 11.798 -10.390 -10.129 -0.265
5.795 0.606 -2.512 -5.882 -7.129 2.442 13.657 -15.780 -7.834 0.875
5.721 1.189 -0.726 -2.590 -9.894 1.977 17.441 -23.254 -2.047 -0.222
3.468 3.027 0.331 -1.603 -10.350 3.080 15.782 -23.518 -4.163 2.835
1.404 4.928 0.356 0.720 -7.753 -0.272 15.564 -25.355 -2.981 5.723
3.095 6.308 -2.742 5.917 -8.360 4.321 12.366 -27.463 -2.477 9.235
0.601 13.124 -6.631 9.242 -6.245 6.467 7.785 -24.740 -1.529 9.592
-3.498 18.947 -5.384 5.986 2.328 4.344 6.211 -11.668 4.902 2.476
-8.585 17.657 -7.622 10.240 5.814 1.403 6.076 -2.649 5.073 -3.392
-18.154 12.652 -6.949 11.657 4.489 -6.194 2.106 -4.807 0.770 -2.060
-20.668 10.455 -8.142 12.474 4.902 -0.651 0.908 -4.803 0.468 1.079
-20.452 9.466 -6.887 13.081 5.111 -2.462 0.495 -0.005 4.754 -0.642
-22.421 7.368 -8.717 8.927 2.317 2.483 1.902 -1.581 4.268 0.272
-21.929 7.814 -8.754 10.554 2.308 -0.741 2.814 -1.685 5.008 1.761
-21.805 8.022 -7.075 13.318 3.217 -1.606 1.436 2.099 3.912 -3.612
-22.658 3.473 -8.169 10.351 0.170 -1.623 1.951 -0.324 7.149 -1.716
-20.888 6.129 -8.208 13.324 5.260 1.511 3.952 4.181 12.032 -0.224
-20.350 6.541 -7.426 14.576 5.416 -5.391 -3.080 -4.016 5.208 1.364
-16.167 7.280 -4.446 9.015 2.095 1.100 9.453 4.444 9.301 -1.099
-14.112 6.864 -3.008 7.936 3.926 -4.026 8.244 0.301 12.737 5.594
-1.707 3.797 -1.518 8.111 -0.545 -11.505 -4.708 -3.982 6.400 -2.008
-0.529 -3.437 0.848 6.545 -4.182 -10.570 -7.076 -0.636 12.445 -5.269
-4.852 -4.560 0.711 5.078 -6.699 -13.420 -8.172 -0.705 12.446 -7.460
-6.180 -4.100 2.821 2.607 -8.414 -15.230 -6.794 1.980 11.054 -8.423
-5.463 -5.002 4.739 -0.793 -9.046 -15.208 -6.228 1.913 11.130 -9.442
-4.355 -6.110 5.694 -1.834 -8.409 -15.138 -5.115 1.891 13.943 -10.432
-3.582 -7.166 6.263 -1.940 -8.622 -14.673 -5.259 5.048 13.432 -9.329
-2.984 -8.187 5.232 -2.550 -10.791 -14.273 -5.540 4.639 14.242 -11.917
-2.983 -7.563 5.162 -2.976 -9.366 -13.990 -3.749 5.381 15.095 -11.882
-2.226 -8.721 6.394 -3.831 -9.956 -13.709 -4.729 6.568 14.867 -13.199
-1.075 -9.490 6.683 -4.487 -9.261 -13.781 -5.192 7.457 13.519 -11.619
-2.733 -7.740 5.176 -3.219 -8.979 -12.396 -5.675 9.187 12.027 -9.930
-1.960 -8.888 6.287 -4.180 -8.493 -13.996 -5.055 8.707 13.039 -11.235
-1.018 -8.848 8.044 -4.387 -8.288 -11.374 -4.135 9.718 10.998 -7.885
-0.164 -9.281 8.799 -5.640 -8.631 -10.483 -4.819 8.629 9.870 -6.249
-1.454 -8.280 8.695 -2.956 -9.907 -8.582 -6.495 12.139 6.474 -5.090
-1.029 -9.195 8.884 -1.113 -9.479 -11.190 -6.065 11.958 7.704 -6.711
-1.666 -8.229 7.867 0.539 -11.449 -9.316 -6.456 11.865 8.245 -8.688
-1.839 -8.096 7.209 0.903 -11.451 -9.386 -4.095 8.452 10.308 -9.462
-0.682 -10.100 9.073 -2.015 -10.150 -9.906 -4.709 10.377 7.664 -7.231
0.681 -11.586 9.403 -2.445 -9.965 -10.174 -5.941 12.391 6.629 -7.068
1.658 -10.431 6.685 -0.779 -12.858 -6.479 -7.965 12.396 7.048 -5.925
1.916 -10.043 5.916 0.369 -14.319 -4.917 -9.737 14.423 5.486 -5.774
1.088 -9.680 6.371 0.210 -13.974 -7.416 -7.867 13.596 4.689 -5.497
0.843 -8.191 5.441 0.404 -12.373 -10.669 -5.564 11.628 4.435 -5.206
0.597 -5.721 4.259 1.460 -14.016 -11.780 -3.871 8.201 5.397 -7.735
0.313 -5.914 5.445 3.351 -14.431 -12.312 -3.866 10.314 1.598 -4.408
0.308 -5.950 5.566 2.845 -13.078 -16.214 -3.123 8.237 -0.707 -3.754
0.780 -5.916 7.399 2.342 -14.268 -17.561 -2.014 8.820 -2.356 -4.881
1.283 -4.844 5.983 -0.030 -9.901 -19.582 -1.749 10.390 -5.625 -3.819
3.165 -3.594 6.383 0.222 -7.886 -18.757 -4.312 10.126 -13.221 -1.073
2.903 -1.456 8.378 3.129 -9.018 -20.698 -5.188 9.610 -10.821 -0.492
0.317 -3.579 8.556 1.818 -8.523 -26.641 -1.761 9.956 -10.183 -0.682
-0.215 2.218 10.315 4.357 -8.963 -24.333 -3.391 8.096 -13.074 -3.556
1.657 5.766 7.175 7.761 0.668 -19.484 -1.275 5.370 -9.022 -5.304
2.030 5.196 7.710 10.442 -0.315 -19.483 -4.842 5.175 -7.529 -4.623
1.473 7.882 5.275 8.075 2.554 -12.909 -3.290 -2.742 -3.644 -3.863
2.598 10.057 8.515 8.998 3.645 -7.955 2.127 -2.768 -2.306 -4.983
2.747 8.548 6.417 8.841 4.109 -1.795 -0.547 -4.427 -5.026 -10.126
3.902 10.727 4.537 8.074 2.527 -5.712 1.188 -1.894 0.306 -2.274
2.862 10.217 7.411 11.326 3.622 -8.271 0.978 -1.784 2.569 -1.264
2.093 10.815 5.400 12.942 7.928 -4.720 0.019 -5.666 -3.019 -1.722
1.637 9.091 6.910 15.069 4.785 -5.485 3.400 -5.010 -1.939 -6.322
1.967 2.937 -13.175 -4.651 20.365 4.300 5.437 1.015 -8.716 2.846
0.547 3.843 -10.584 -1.180 15.191 8.057 6.420 -3.739 -17.698 0.127
-1.629 8.330 -5.328 2.483 7.907 5.538 5.438 0.116 -11.287 -2.295
3.382 9.432 -7.347 -10.206 4.185 2.139 3.928 2.226 -11.274 -3.442
5.655 4.951 -1.725 -13.963 -7.416 5.786 2.424 -0.743 -8.005 -8.811
6.225 0.869 2.769 -18.574 -7.565 7.192 0.784 -1.785 -0.975 -12.886
5.163 1.140 2.978 -20.049 -10.435 9.759 -0.716 -3.665 2.824 -13.548
4.973 1.957 2.340 -21.461 -12.880 10.858 -0.243 -4.184 5.885 -13.064
6.036 2.223 3.753 -24.810 -11.779 11.759 -1.983 -2.897 7.488 -12.660
6.061 2.144 3.703 -25.321 -12.548 11.727 -2.126 -6.166 11.568 -14.855
6.548 1.957 3.810 -24.631 -13.064 11.968 -1.430 -4.609 10.617 -14.660
8.018 0.556 3.082 -23.688 -9.613 12.432 -2.576 -2.572 10.632 -14.784
6.428 0.764 0.618 -22.004 -8.204 11.063 -1.414 -9.257 10.247 -15.636
3.269 1.632 -0.397 -20.539 -6.694 12.740 -3.290 -11.143 9.518 -12.896
2.104 1.077 -0.924 -20.567 -3.319 11.183 -4.258 -12.320 4.736 -8.181
0.566 1.591 -2.303 -19.766 -2.489 9.964 -6.615 -12.732 0.586 -2.814
-0.693 2.836 -2.600 -16.427 0.267 5.732 -7.673 -12.887 3.396 0.422
-0.879 2.688 -2.603 -14.079 3.006 2.915 -9.466 -11.535 0.501 2.888
1.348 2.572 -2.566 -13.258 5.658 1.781 -5.899 -10.892 -2.114 5.055
-3.868 10.710 -9.317 -7.502 8.848 -3.178 3.083 -15.783 -4.561 6.779
-6.760 16.275 -6.339 -3.581 11.682 -3.383 4.341 -11.308 -1.786 -1.379
-7.646 14.912 -8.477 3.810 11.169 -2.498 6.856 -9.494 -0.476 -3.790
-6.998 12.235 -6.455 7.770 8.997 -0.660 6.980 -1.441 4.596 4.973
-7.159 11.675 -3.596 11.084 7.752 -0.466 4.882 3.844 7.428 1.090
-4.842 8.009 -1.416 7.616 8.605 -1.608 3.669 1.528 0.516 8.081
-1.645 5.585 0.689 8.332 8.900 -1.785 7.140 -0.076 5.830 8.199
-4.931 4.851 -5.604 5.694 9.628 1.413 7.471 -4.125 4.626 2.322
-5.931 5.336 -4.049 5.973 8.934 4.291 12.227 -4.217 -0.130 -1.193
-3.607 1.340 -3.853 5.777 11.125 3.609 8.539 -4.962 -1.642 3.516
-3.780 1.373 -1.418 5.802 12.853 0.885 3.194 -6.805 2.324 -0.316
-4.000 -2.283 -5.342 10.081 15.531 -3.321 6.760 0.267 3.319 -0.655
-5.549 -4.692 -6.858 12.639 14.067 -5.667 5.483 0.819 10.525 4.929
-9.630 0.992 -3.342 7.864 8.058 2.890 8.459 -6.305 -0.189 0.935
-11.195 0.876 -5.142 6.643 14.256 3.802 4.616 -1.196 10.224 4.276
-6.471 -0.084 -2.726 7.557 11.950 0.622 7.480 5.535 10.439 2.000
-7.661 -1.883 -0.643 5.319 9.402 1.228 7.846 1.706 7.474 -0.514
-6.353 -3.091 -2.634 -7.007 11.032 6.783 4.024 8.826 7.687 2.748
-0.943 -1.435 -5.570 -11.461 9.575 10.426 -3.359 4.428 10.080 2.496
3.596 -10.151 -4.301 -10.524 0.456 14.886 -4.556 -4.070 18.719 -5.810
2.874 -12.756 -5.627 -12.108 1.987 17.084 -1.497 -5.962 22.278 -5.411
3.412 -11.397 -6.968 -10.406 2.020 17.275 1.685 -5.250 19.787 -4.414
4.468 -12.937 -6.474 -8.510 3.906 15.605 2.694 -6.677 19.393 -1.622
4.280 -12.929 -5.546 -8.201 5.770 13.808 2.553 -4.957 20.230 -2.061
4.164 -12.853 -5.998 -7.491 3.877 16.153 -0.582 -2.001 18.838 -3.165
5.628 -13.828 -6.091 -6.675 4.750 14.860 -1.841 1.474 16.467 -0.955
4.734 -12.575 -4.441 -6.480 7.865 10.805 -0.157 4.660 14.091 2.418
1.887 -7.890 -5.822 -2.164 8.631 9.937 -0.528 10.837 9.013 5.045
2.509 -6.834 -2.898 2.232 15.699 2.424 2.467 9.815 10.903 5.894
-0.009 -3.094 -0.267 6.031 17.897 -0.703 9.692 -1.067 11.714 8.993
-7.355 -5.564 -4.510 5.963 20.935 -3.960 15.386 4.731 14.393 5.467
-8.072 -8.215 -7.363 5.324 21.838 -5.550 8.279 11.303 13.095 10.886
-3.566 -3.713 -4.872 9.879 19.780 3.261 6.800 8.237 13.874 4.776
-2.302 0.588 -5.706 4.281 11.951 0.780 8.446 0.520 6.418 5.817
-4.068 -0.623 -6.736 4.765 9.700 0.123 5.972 1.806 9.808 0.342
-2.001 2.055 -2.942 4.480 7.131 -1.644 4.648 3.345 8.030 9.582
-6.486 -9.937 -10.507 -0.981 21.178 -7.135 0.303 5.146 7.522 10.848
-8.842 -12.576 -13.627 2.076 17.859 -6.281 -2.099 3.693 -0.344 11.951
-10.250 -8.441 -6.098 5.671 14.814 -6.723 7.302 4.770 4.556 8.795
-10.625 -5.881 -5.243 6.895 18.475 2.774 13.110 -0.092 2.164 5.912
-9.012 -11.126 -12.096 1.142 14.410 0.538 10.247 -0.791 2.855 10.189
0.296 -7.633 -9.545 3.596 9.735 -1.032 7.130 -1.403 3.415 3.537
8.099 -11.105 -8.268 -0.926 7.635 -1.399 3.977 2.022 4.170 0.615
7.814 -15.548 -5.349 -2.350 5.414 -6.260 4.531 2.695 9.561 -3.991
5.275 -14.204 -4.002 -2.224 5.098 -8.685 0.126 3.643 10.669 -5.928
4.298 -8.600 -4.493 1.430 9.417 -14.359 -4.446 3.673 5.888 -3.962
4.197 -4.324 -4.014 3.274 13.837 -12.929 -6.213 5.486 1.201 1.658
0.926 2.097 -4.378 6.054 16.322 0.618 2.426 -1.835 5.310 9.563
-1.307 0.981 -2.804 4.820 7.251 -4.387 4.994 4.028 8.454 4.389
-6.285 -0.387 -3.190 4.431 8.863 -3.158 4.354 9.655 7.844 8.404
-4.550 -0.735 -5.885 3.211 7.141 -2.674 2.164 -0.016 1.818 3.146
-3.566 -0.248 -1.046 8.315 6.883 -4.397 3.785 0.864 10.441 7.220
-5.235 1.928 -0.724 4.726 12.866 -1.217 2.982 2.976 4.649 5.124
-9.313 -2.691 4.137 -0.559 16.222 -0.722 10.942 -0.733 3.280 2.048
-9.169 -6.026 2.082 3.196 12.540 -2.534 11.496 3.338 0.091 1.818
-8.275 -9.254 -0.063 3.419 13.452 -0.116 4.728 -2.816 4.556 0.338
-7.943 -9.100 -0.787 3.277 11.254 -0.908 5.508 1.436 -1.461 -7.341
-6.542 -4.908 0.690 -1.023 8.408 -0.987 9.948 2.344 3.417 -2.386
-7.628 -8.367 -0.435 0.856 7.507 0.878 9.938 -2.217 5.627 -4.570
-7.978 -11.385 -1.670 0.355 5.466 6.420 8.713 -5.537 -2.717 -0.669
-6.300 -6.004 -0.297 3.783 8.953 3.687 -0.207 -4.568 1.156 1.478
-7.399 -4.929 -3.165 4.263 9.423 -0.085 2.599 -1.458 4.128 4.992
-6.729 -2.947 -2.396 4.365 10.099 1.794 6.016 -2.913 6.465 4.053
-6.455 -1.254 -3.391 6.532 11.611 -0.925 6.172 0.172 0.363 2.889
-5.417 -1.666 -1.973 5.877 11.202 2.331 7.256 5.344 5.257 5.284
-3.575 -7.267 -8.425 0.556 16.343 -7.352 6.122 5.236 9.351 11.109
-4.410 -9.229 -12.329 -0.050 19.743 -9.816 0.854 2.617 7.301 11.498
-5.445 -7.670 -8.832 5.558 16.553 -7.967 2.227 1.629 1.979 13.035
-5.272 -4.660 -5.561 7.598 13.033 -5.851 10.256 2.650 0.692 18.600
-7.316 -9.408 -8.679 7.336 16.535 -1.438 11.621 8.827 2.524 -0.335
1.096 -5.078 -7.236 3.703 15.595 -1.139 8.494 1.124 -0.765 2.589
7.071 -7.383 -8.050 2.754 9.147 -3.138 6.769 3.088 5.397 -2.840
4.708 -8.857 -8.320 4.099 8.144 -7.690 4.106 4.556 6.532 -3.089
3.356 -7.293 -8.216 6.022 8.647 -11.899 1.884 2.420 8.012 -4.431
4.841 -6.009 -6.364 7.903 13.529 -14.656 0.019 3.740 2.896 -2.344
3.335 0.778 -4.119 7.270 16.239 -7.593 -0.240 4.191 -0.397 4.442
-1.564 5.862 3.474 9.864 17.640 -8.798 -0.030 -2.861 0.115 11.664
-5.341 0.614 -0.174 7.869 21.040 -5.287 2.757 0.630 3.484 14.168
-7.320 -12.582 -9.632 -3.187 15.649 -10.988 2.447 -1.339 6.226 14.182
-2.682 -8.097 -7.921 2.710 14.954 -13.572 -0.400 0.547 1.885 1.539
1.527 -8.080 -1.660 4.921 -1.985 -22.861 -2.023 -0.658 -1.404 -2.519
-0.505 -12.826 -2.694 0.003 -11.083 -20.479 -7.427 -1.306 -2.867 -10.621
-3.973 -10.923 -4.469 -3.999 -14.372 -20.720 -7.860 -1.818 -1.143 -15.585
-1.303 -10.399 -1.695 1.343 -14.463 -13.679 -7.076 3.284 5.577 -8.536
3.589 -3.805 4.731 4.270 0.389 -4.041 -3.001 -3.122 0.551 -2.116
-0.978 -3.975 5.464 14.329 1.391 -7.855 -16.054 -3.076 3.999 4.651
0.534 -12.020 1.326 2.945 -9.130 -14.127 -15.801 2.563 3.707 -2.658
-0.950 -12.517 1.209 -3.876 -14.232 -13.685 -8.353 3.785 5.759 -13.158
-1.960 -12.805 0.313 -6.064 -10.810 -12.962 -7.268 5.070 3.454 -10.557
0.070 -10.625 -3.222 -5.898 -8.220 -3.484 -6.937 -2.359 2.188 -4.765
0.696 -5.478 -4.518 -5.223 -10.545 -2.887 1.919 -17.541 -10.120 -10.728
0.920 -2.664 -1.934 -1.667 -11.780 -0.827 11.708 -26.812 -17.845 -14.147
1.250 -3.734 -2.075 -2.591 -11.877 1.800 8.955 -26.358 -19.343 -13.966
0.505 -3.500 -1.650 -1.796 -11.202 4.243 9.429 -27.318 -19.065 -14.999
0.005 -3.160 -1.872 -2.781 -11.540 5.338 7.761 -29.730 -18.950 -14.747
1.624 -6.671 -3.900 -6.829 -12.038 3.065 1.849 -18.353 -6.607 -13.293
3.817 -10.236 -6.947 -11.181 -9.230 10.212 -1.134 -12.371 1.769 -8.634
4.219 -14.499 -7.188 -16.213 -7.419 4.450 -7.853 -11.671 5.204 -7.353
4.889 -15.400 -6.958 -14.251 -3.759 6.938 -7.515 -8.124 8.076 -3.298
3.291 -16.973 -9.009 -13.868 -5.280 5.795 -9.173 -10.655 6.779 -6.631
4.011 -16.481 -8.352 -10.669 -6.454 8.019 -7.148 -10.297 11.500 -8.369
4.327 -18.867 -8.734 -12.943 -11.185 5.479 -8.497 -16.130 11.513 -12.337
4.654 -18.196 -8.093 -10.834 -15.709 5.290 -7.402 -21.018 13.593 -7.505
3.407 -11.482 -6.100 -4.195 -14.541 3.810 -3.799 -20.670 9.963 1.262
1.823 -1.621 -1.975 5.047 -10.603 0.953 -3.407 -21.622 -3.976 -6.736
-0.276 3.089 2.505 4.534 -13.381 6.206 -5.573 -25.332 -6.245 -6.491
0.863 4.583 2.318 4.711 -13.698 4.774 -1.788 -21.029 -2.762 -2.784
1.232 -4.285 -2.949 7.849 -9.336 -2.416 -6.426 -13.905 6.471 6.525
-0.372 -4.514 -5.642 6.314 -12.792 -0.477 -10.289 -14.908 13.007 4.637
-1.815 -3.009 -4.367 -0.830 -7.675 -1.864 -13.991 -10.911 7.707 1.980
-1.260 -2.427 -0.998 -6.073 -1.613 -4.279 -16.471 -5.375 -2.950 1.313
0.240 0.212 1.942 -4.107 4.100 -3.530 -15.193 -4.666 -12.063 4.674
3.862 1.309 -0.139 -0.653 11.693 3.894 -8.726 -4.600 -10.321 4.448
4.013 7.987 2.027 6.457 4.066 -3.437 -3.091 -8.438 0.395 -1.043
0.570 4.848 -0.340 6.104 9.664 -1.794 1.034 -5.295 -0.177 0.655
-2.074 0.097 -1.011 7.674 6.889 -0.177 0.215 -8.191 5.350 3.059
-2.908 -1.584 -6.454 3.167 4.485 -3.395 -0.235 -2.774 4.954 7.257
-6.199 1.770 -0.040 8.716 8.916 0.002 3.236 -4.803 0.273 -0.501
-4.602 1.075 -3.988 5.808 7.636 -0.565 4.438 2.357 5.579 5.671
-3.519 1.186 -2.755 9.125 7.902 -5.161 3.632 -1.810 4.504 7.214
-5.209 2.630 -2.879 6.660 13.025 -0.199 4.720 -3.228 1.246 -0.453
-5.257 2.556 0.323 4.280 6.003 -3.819 7.812 -1.841 -0.729 -1.731
-3.766 -7.186 -21.501 -10.960 13.089 -4.706 2.640 -5.560 -6.231 7.517
-6.515 -6.939 -18.140 -9.793 16.273 -0.485 4.151 -6.624 -8.391 9.420
-1.769 0.229 -21.769 -11.055 13.873 3.189 7.041 -3.903 -5.980 17.273
3.045 4.542 -8.456 -11.049 7.219 1.282 -0.810 -7.522 -15.640 5.981
3.112 -2.279 -6.976 -15.269 -4.639 -1.018 -3.871 -10.049 -7.638 -3.394
1.150 -3.269 -7.070 -15.342 -6.174 1.119 -1.132 -8.808 -6.416 -4.749
1.241 -3.723 -8.466 -15.825 -5.567 2.661 -2.086 -9.203 -8.628 -5.170
2.981 -3.136 -6.949 -13.842 -0.344 0.472 2.652 -10.842 -8.245 -2.452
6.881 -0.597 -9.198 -10.724 4.841 3.443 7.475 -6.061 -9.920 2.133
3.313 5.659 -4.092 -4.134 6.850 3.906 8.655 -7.379 -2.123 0.371
-2.070 0.739 -1.946 3.198 11.556 5.122 7.588 -2.298 -3.848 -2.245
-6.560 -4.455 -8.934 5.606 17.724 13.800 14.978 0.915 -4.055 2.219
-7.268 -5.557 -12.272 -0.441 11.712 10.952 10.782 0.290 3.989 2.781
-7.511 -7.539 -8.768 2.333 12.024 7.916 11.059 2.354 -0.740 6.203
-5.658 -2.245 -3.411 4.297 14.488 8.250 12.576 5.176 5.082 2.971
-5.722 0.788 0.811 5.231 12.645 8.215 10.791 0.292 6.586 0.529
-0.791 1.615 1.025 -1.644 -3.100 5.272 15.907 -13.315 -1.249 0.627
4.367 6.856 2.053 -2.317 -8.705 4.500 24.701 -13.110 -7.183 -9.629
4.665 2.438 1.338 -3.942 -16.381 4.228 15.547 -11.783 -8.374 -7.452
3.373 -0.555 0.084 -10.035 -16.486 2.376 11.647 -17.042 -7.635 -8.705
2.663 0.430 -1.019 -6.531 -19.451 5.071 8.628 -15.430 -5.583 -7.358
2.961 -0.540 -0.647 -6.172 -18.630 5.289 9.567 -15.508 -4.947 -8.016
2.526 -1.606 -0.781 -6.272 -15.533 6.217 11.450 -13.648 -3.630 -9.719
4.059 -2.416 -2.772 -11.562 -17.015 3.168 8.376 -11.472 0.313 -7.258
4.023 -4.153 -3.821 -18.792 -12.883 6.567 7.021 -12.231 -5.839 -6.529
4.027 -6.947 -3.304 -18.741 -4.713 5.129 2.246 -12.077 -2.761 -3.889
1.926 -5.244 -4.417 -14.777 -3.640 1.233 -4.603 -11.834 -0.286 1.837
0.320 -1.087 -7.372 -9.004 -3.544 -1.316 -5.774 -15.124 -0.609 5.226
-3.773 5.953 -6.785 -0.891 1.359 -3.647 2.117 -17.291 -0.626 4.552
3.718 10.111 2.181 3.209 -2.127 5.806 -1.422 -17.721 -3.578 4.126
5.074 7.537 4.766 6.270 6.496 2.468 -0.138 -13.823 -1.375 5.607
0.012 7.495 4.062 7.275 10.078 -0.103 -0.146 -10.361 0.307 3.477
-3.130 1.632 -0.774 5.392 4.158 -6.112 -4.792 -6.728 7.503 1.354
-1.710 -2.451 -1.815 5.549 -6.410 -8.537 -11.305 -2.362 12.838 -1.648
-4.271 -5.626 -0.945 1.590 -7.814 -13.041 -10.102 -1.052 13.316 -6.156
-4.535 -6.597 1.577 0.266 -5.523 -13.694 -8.318 2.155 13.727 -6.566
-4.654 -6.905 2.203 -0.891 -7.491 -14.684 -6.856 2.440 10.122 -7.256
-4.119 -6.312 2.702 -1.449 -6.801 -15.056 -6.943 4.016 9.617 -7.363
-2.394 -6.606 3.598 0.552 -6.578 -10.699 -10.542 7.635 7.868 -3.730
-0.142 -7.857 2.759 5.308 -11.969 -3.919 -17.561 6.799 5.131 -2.115
0.784 -5.063 2.980 8.528 -6.528 -4.182 -7.567 -2.609 5.101 2.093
1.738 -3.187 6.486 13.592 2.958 -4.749 2.561 -8.269 1.193 4.737
1.805 -5.296 4.361 10.824 -6.051 -4.019 -2.154 -8.587 5.814 6.017
2.858 -7.265 4.828 8.766 -9.276 0.839 -12.324 -1.106 5.231 5.180
3.011 -7.489 5.324 6.899 -11.327 4.260 -18.463 2.007 6.851 -0.712
3.119 -8.401 6.190 2.567 -6.248 0.028 -17.616 3.611 7.124 -1.246
2.169 -7.630 6.197 0.209 -4.648 -4.670 -13.141 3.116 9.901 -3.979
1.862 -7.560 5.065 0.325 -4.434 -4.179 -14.042 5.739 10.551 -4.925
1.806 -8.442 4.474 1.653 -5.596 -2.819 -13.353 7.319 10.947 -5.243
1.687 -9.606 5.505 0.312 -5.330 -4.511 -10.973 8.567 12.114 -6.857
0.685 -10.557 5.531 0.617 -5.379 -4.254 -10.798 8.666 13.629 -8.086
1.116 -11.878 6.508 -0.792 -4.094 -4.909 -9.741 8.015 14.878 -8.805
1.998 -12.175 6.683 -1.123 -5.543 -4.413 -9.688 9.931 12.018 -6.382
1.512 -10.745 6.036 -2.288 -6.929 -3.857 -10.818 11.042 8.995 -2.910
3.483 -9.393 5.535 -3.164 -4.598 -2.941 -11.261 11.956 6.599 1.224
4.277 -8.788 3.842 -2.561 -5.122 -2.633 -14.157 13.945 2.101 4.774
5.767 -8.024 2.099 -0.547 -4.651 -4.384 -8.033 12.100 1.569 6.331
6.426 -4.877 0.496 4.148 -5.982 -2.780 -2.938 7.357 4.250 4.192
8.278 -1.075 4.096 3.822 -11.042 1.009 -1.169 -5.367 -3.604 -1.020
7.604 4.360 2.898 2.732 -14.330 1.560 6.292 -13.847 -14.891 -4.024
7.814 5.721 0.638 -0.964 -11.452 -2.231 6.655 -12.254 -10.623 -6.296
5.122 8.432 1.820 1.794 -1.594 3.564 5.860 -9.950 -8.285 -2.220
3.487 12.050 5.744 7.787 4.782 -0.107 4.571 -5.934 -4.472 -5.410
2.582 10.795 7.794 13.252 7.790 -1.280 10.555 3.280 3.306 0.096
-0.613 8.020 6.854 12.080 11.626 -2.078 9.074 7.920 10.166 6.110
-0.676 10.199 7.491 14.001 13.619 7.849 9.167 7.274 3.543 1.344
-0.519 10.813 6.440 15.037 20.085 9.687 9.010 4.279 5.217 2.188
-0.286 9.561 3.433 17.117 22.886 15.693 17.442 6.817 5.673 5.114
-1.422 8.124 6.909 13.679 16.411 8.965 12.341 9.682 10.823 7.721
-1.940 7.587 9.356 14.030 15.981 7.734 13.244 14.374 12.162 16.703
0.246 8.506 5.621 13.874 17.575 10.128 17.789 7.436 12.125 13.459
0.205 9.165 8.664 15.877 16.723 10.888 14.955 7.862 9.447 3.631
-0.114 9.008 9.515 16.918 14.647 11.199 11.997 2.872 8.461 7.026
-0.049 10.357 6.753 15.487 14.167 3.976 9.792 0.952 3.435 0.746
-4.241 7.927 4.196 15.024 13.270 7.912 11.232 2.103 3.404 -3.003
-3.869 9.424 8.472 14.422 13.242 14.912 12.122 4.628 1.985 1.936
-5.739 8.809 6.443 10.659 16.794 12.622 10.482 4.194 2.857 10.725
-1.776 8.958 6.512 5.271 5.423 7.171 7.380 -3.696 -2.645 5.151
1.708 9.384 8.625 11.839 4.757 5.225 8.816 -1.623 -4.600 -0.113
6.389 7.730 8.541 10.288 -2.677 7.560 10.554 -4.074 -2.828 3.333
5.812 5.001 9.452 7.833 -6.845 7.126 9.942 -8.191 -6.294 1.159
5.392 7.443 8.344 7.206 -9.151 12.402 9.566 -11.316 -6.421 1.400
6.297 8.573 4.874 6.685 -6.577 12.104 6.354 -12.611 -10.115 1.456
5.908 0.298 -1.800 2.095 -6.486 8.073 -3.494 -7.398 -2.671 4.996
6.593 -0.142 -4.717 0.803 -4.413 12.032 -5.015 -3.185 -3.252 7.896
5.510 0.030 -6.256 -4.684 -4.992 13.330 -4.295 0.078 -4.233 -0.167
6.206 -0.821 -3.135 -9.941 -7.525 14.977 0.596 2.193 -4.770 -6.130
6.588 -1.790 -0.804 -14.167 -7.671 15.093 0.510 3.424 -3.232 -8.348
7.761 -2.297 2.179 -17.445 -8.831 16.420 0.210 6.075 -2.401 -8.666
8.288 -1.886 2.683 -19.181 -7.418 13.181 1.225 7.734 -0.284 -9.969
8.890 -2.504 3.838 -22.111 -8.886 11.608 0.226 10.743 0.155 -11.969
8.287 0.189 3.745 -24.888 -10.756 13.489 -0.693 10.542 -1.469 -13.192
11.476 1.171 3.618 -26.565 -10.638 9.880 1.277 8.043 -1.734 -9.764
11.288 4.330 0.228 -26.521 -10.449 6.869 0.016 11.457 -1.468 -8.168
9.549 8.667 -3.716 -19.989 -7.586 2.121 6.113 7.559 -0.588 -3.478
5.376 8.055 -4.311 -14.081 -11.114 -7.174 -0.734 7.607 -2.111 -6.814
1.813 8.849 -9.211 -10.578 -6.199 -3.865 2.802 9.811 14.670 0.835
-0.882 5.685 -2.573 4.309 1.608 0.154 11.047 9.390 8.905 6.667
-1.685 4.111 2.843 8.324 10.916 4.318 7.196 -0.256 3.720 0.817
-3.544 3.293 2.934 10.247 12.284 8.435 6.667 3.590 -0.473 1.322
-3.900 1.075 2.917 6.932 6.034 4.111 8.420 5.071 3.445 4.856
0.822 5.172 -5.339 -6.892 1.108 2.547 15.362 14.277 1.297 3.923
6.458 10.337 -3.732 -13.746 -8.762 -0.942 10.076 9.231 -9.202 -0.495
6.836 3.495 -0.415 -20.801 -9.847 -0.867 10.209 6.420 -7.338 3.093
3.561 2.857 -1.949 -17.725 -9.790 0.941 7.578 3.623 -7.545 0.801
1.403 2.632 -3.812 -17.037 -10.313 2.155 8.338 0.138 -8.465 -1.561
1.407 2.013 -4.498 -16.086 -10.765 4.149 9.683 -1.450 -9.417 -2.666
2.771 0.661 -3.958 -12.499 -9.916 4.422 11.104 -4.289 -7.762 -3.107
3.394 -1.037 -3.246 -10.126 -8.360 2.958 10.705 -8.322 -8.712 -1.618
4.902 -1.088 -5.005 -9.791 -7.277 5.334 9.695 -8.246 -12.558 1.965
6.349 1.306 -8.642 -6.688 -7.415 7.379 10.827 -8.440 -14.848 3.429
4.103 11.429 -9.747 -9.097 3.285 0.233 10.204 -5.747 -12.045 3.143
-1.128 15.051 -6.689 -3.034 4.551 -0.702 10.452 -8.475 -3.906 2.156
-7.509 13.957 -4.402 5.600 2.197 -3.723 4.256 -3.655 -1.047 -1.964
-13.578 12.766 -4.440 7.872 1.062 0.007 5.118 -3.348 0.760 -0.835
-18.433 9.926 -9.243 8.915 5.959 -0.632 6.120 -1.419 2.059 -2.457
-18.955 13.256 -8.904 9.580 6.869 0.858 1.750 -3.900 8.535 7.403
-15.619 11.481 -5.516 7.825 5.278 0.591 8.275 1.226 12.174 3.930
-8.084 10.543 -4.376 7.224 3.081 -5.415 -0.219 -2.617 7.672 -2.658
1.103 1.270 -4.974 -3.103 -4.549 -14.858 -11.555 2.757 0.579 -0.057
-2.098 -4.015 -2.867 -5.149 -7.253 -12.803 -12.079 11.336 -1.833 -0.048
-3.057 -7.918 0.993 -8.352 -9.238 -14.809 -9.018 15.498 -3.206 -3.394
-4.211 -5.220 2.257 -6.148 -12.218 -13.775 -6.441 16.586 -6.519 -5.527
-3.834 -5.407 2.488 -4.829 -13.860 -13.646 -7.278 17.456 -11.325 -4.228
-3.804 -6.211 2.662 -3.818 -14.672 -15.151 -9.695 16.940 -16.490 -2.125
-2.662 -6.152 4.243 -3.294 -10.634 -16.612 -12.297 15.066 -18.472 -0.325
-1.553 -3.502 5.207 0.136 -1.204 -18.048 -17.090 11.702 -17.157 6.267
0.404 -0.602 -1.314 0.089 4.419 -5.710 -15.944 9.976 -18.400 7.536
2.824 -2.688 -7.608 -0.094 11.167 1.358 -13.325 5.766 -19.492 12.035
0.929 0.968 -0.503 -2.079 13.112 4.110 -9.946 3.941 -17.128 11.009
2.959 1.937 -5.498 -13.252 7.408 7.807 -7.114 -0.990 -13.454 14.238
2.488 3.071 -5.755 -15.711 -3.618 7.109 -13.102 0.441 -13.270 7.048
1.623 2.350 -5.609 -21.450 -7.515 6.947 -11.113 4.103 -15.222 0.184
2.490 1.635 -7.863 -21.823 -7.912 8.769 -9.630 3.583 -9.316 -3.828
2.766 1.475 -8.942 -23.933 -8.876 9.866 -8.541 3.114 -7.974 -6.355
2.612 1.083 -9.476 -23.332 -9.905 11.302 -8.583 2.145 -7.395 -6.005
2.621 -2.061 -6.315 -22.724 -9.795 13.155 -12.698 4.353 -7.492 -3.234
1.979 -4.881 -3.152 -22.940 -6.640 7.895 -14.596 1.792 -5.171 -0.429
3.038 -4.767 -4.854 -20.935 -2.155 8.734 -16.077 -2.248 -6.442 2.633
2.767 -0.970 -8.566 -11.431 2.481 9.471 -8.940 -8.308 -5.203 4.454
-0.266 9.220 -11.348 -5.976 11.323 2.897 -2.360 -1.663 -2.305 5.403
-5.114 13.081 -7.424 0.733 12.043 -2.907 9.589 -2.025 0.210 5.371
-13.306 14.415 -4.775 10.778 5.846 -2.134 9.722 -1.098 -0.278 -4.867
-18.271 12.540 -4.767 15.174 6.952 2.352 10.393 5.054 9.583 2.865
-18.431 11.051 -7.412 14.441 7.233 3.897 6.554 6.268 9.370 2.950
-17.705 12.201 -1.861 13.448 8.135 3.657 8.131 6.864 3.586 7.619
-12.464 6.410 -2.303 12.753 8.280 -2.286 7.112 0.797 1.111 0.583
-0.021 2.631 -2.050 2.090 0.881 -13.712 -1.899 6.739 -2.207 -3.399
0.416 -4.925 -0.317 -3.420 -0.495 -13.979 -3.415 10.165 -1.676 -3.009
0.067 -9.392 1.473 -4.870 -4.169 -13.011 -3.741 14.067 -0.103 -0.653
-1.950 -7.784 1.537 -3.799 -5.969 -11.386 -3.280 15.657 2.778 -1.975
-0.628 -6.950 3.512 -3.097 -4.545 -12.571 -2.545 15.534 2.957 -2.523
0.305 -7.956 4.389 -1.506 -2.988 -13.869 -1.859 14.665 4.123 -2.107
1.421 -7.673 5.240 -0.104 -2.798 -13.323 -5.497 15.466 3.196 0.456
2.355 -5.013 1.814 4.124 -3.034 -11.400 -8.408 14.812 3.067 4.233
2.556 -1.815 -1.385 6.794 -1.342 -11.795 -6.550 14.962 3.371 6.836
4.244 0.050 -1.105 8.517 1.065 -5.029 -4.745 11.891 0.309 9.461
6.318 2.195 5.125 5.886 -7.267 6.048 4.431 -5.479 -3.882 4.999
6.390 4.475 6.663 6.279 -8.896 6.243 8.506 -5.566 -7.310 3.414
4.833 2.714 8.091 12.513 -4.245 4.483 4.339 -5.982 0.610 2.926
3.517 -0.921 1.225 12.843 -2.568 6.230 5.766 -6.601 12.891 5.407
7.244 1.589 -3.435 9.805 0.992 9.900 3.022 1.150 1.756 10.225
8.734 -1.652 -3.409 4.615 0.428 9.775 -0.423 3.620 -1.899 11.057
8.854 -3.989 -2.712 0.882 -0.985 11.825 0.036 7.070 -5.347 9.135
8.261 -5.676 -2.218 0.388 -4.860 15.316 -2.454 6.972 -7.857 9.487
8.641 -6.795 -0.434 -0.115 -4.140 13.532 -4.017 6.775 -7.218 11.645
8.987 -7.894 0.178 3.014 -6.126 11.407 -7.122 7.102 -4.735 14.787
9.013 -11.009 2.071 7.891 -7.421 7.074 -9.354 6.301 1.270 14.520
9.916 -12.278 4.521 13.637 -8.330 -0.346 -7.157 8.317 3.928 9.908
10.174 -9.230 3.394 19.485 -8.500 -8.364 -1.539 7.251 2.078 4.877
1.776 4.847 12.742 -0.816 -2.286 -0.878 2.269 1.538 4.464 -2.302
-0.380 6.575 17.175 -1.254 -2.985 1.499 4.887 0.923 3.375 -3.560
3.310 10.301 10.288 8.518 -2.368 -1.023 7.304 4.272 -1.088 -2.339
-5.204 5.283 11.631 5.183 -0.225 3.886 10.105 -2.599 -4.161 0.253
-5.050 5.525 22.598 5.038 -3.881 3.042 -3.707 3.346 -4.955 -6.159
-7.477 5.494 22.342 6.019 -4.998 7.671 -6.294 3.777 -2.796 -10.057
-7.613 3.778 22.404 6.199 -6.370 9.407 -8.129 3.830 -1.283 -12.247
-7.807 3.371 23.169 5.108 -6.899 9.257 -7.436 2.788 0.423 -14.376
-8.021 3.241 24.356 4.859 -7.557 8.122 -8.409 3.403 -2.994 -12.805
-7.662 2.680 23.712 5.263 -8.486 7.280 -6.474 0.040 -3.726 -12.919
-7.503 1.996 24.261 5.786 -12.008 4.748 -8.202 -0.172 -0.747 -12.513
-6.347 0.723 22.762 6.518 -14.233 4.483 -6.691 -1.351 -3.156 -8.602
-6.249 -1.162 21.222 8.579 -16.114 0.327 -5.195 0.165 -4.916 -6.523
-5.572 -2.690 17.034 10.255 -17.413 -3.450 -7.728 6.718 -6.953 -6.375
-2.959 -4.246 10.995 8.852 -13.343 -4.436 -14.549 8.835 -2.910 -4.115
-1.192 -3.242 3.968 6.177 -9.569 -0.442 -19.462 4.754 0.634 3.537
-0.003 -0.853 -0.754 -0.622 -6.617 5.935 -18.688 -3.038 0.861 8.053
0.931 0.397 -3.549 -7.468 -6.071 9.750 -14.486 -5.119 -1.080 7.733
1.656 1.507 -3.900 -14.056 -5.458 12.824 -10.396 -2.284 -2.018 2.789
2.720 1.733 -2.859 -17.936 -5.961 15.591 -8.788 1.322 -3.163 -0.505
2.473 1.815 -1.058 -19.844 -6.298 15.978 -9.522 4.563 -2.690 -0.085
2.714 1.681 -0.542 -21.860 -5.565 15.757 -9.251 4.013 -2.813 0.540
2.252 2.286 -1.039 -21.283 -3.928 15.563 -10.623 2.666 -2.834 2.334
2.264 3.462 -0.846 -19.086 -1.109 13.632 -11.001 1.660 -3.790 4.134
1.722 4.609 -1.398 -16.621 1.428 12.871 -14.559 -1.908 -5.574 6.687
2.591 5.626 -1.136 -11.191 5.944 6.945 -10.508 -7.744 -6.850 6.965
-3.260 10.540 -4.391 0.476 2.409 0.425 1.496 -8.556 -3.363 4.986
-0.055 12.206 -1.587 9.320 10.402 5.265 5.916 -4.250 -5.736 -4.627
-3.486 6.169 -1.718 6.743 6.764 4.082 -0.158 1.676 -4.436 -3.958
-2.655 1.203 1.976 6.293 8.416 2.595 1.761 0.527 -1.342 4.204
-2.385 3.784 3.797 6.112 9.017 -0.145 3.941 -0.514 -3.585 3.990
-2.849 5.567 1.433 1.741 8.191 0.931 9.434 -2.103 4.757 4.440
-3.602 3.503 3.471 5.924 8.815 0.392 10.517 -0.397 4.549 3.649
-14.491 1.509 4.068 0.511 6.523 2.109 5.844 1.266 7.272 0.945
-8.746 7.863 5.811 2.855 9.670 -2.115 2.844 -4.255 9.006 0.587
1.501 2.528 1.199 -2.377 2.030 -0.966 -18.202 0.838 -0.566 9.792
-0.117 -1.869 2.124 -1.231 -1.864 0.864 -22.085 3.445 -0.259 7.421
-0.540 -3.257 5.275 2.313 -4.566 -3.176 -20.751 7.024 2.367 1.980
-1.682 -3.233 8.408 5.778 -9.562 -4.059 -18.382 8.617 0.117 -2.664
-3.201 -2.876 12.631 6.769 -12.684 -4.842 -14.660 9.048 -3.524 -6.110
-4.935 -1.705 16.453 8.003 -15.660 -2.404 -12.269 7.188 -5.760 -6.578
-6.396 0.608 18.127 6.766 -15.625 1.074 -10.068 3.269 -7.009 -5.929
-6.388 0.519 20.969 6.829 -16.116 1.465 -11.460 2.529 -7.931 -6.359
-7.008 1.700 21.696 7.263 -15.970 4.239 -11.863 0.803 -8.856 -8.109
-7.293 2.975 22.310 7.245 -15.398 5.408 -11.732 0.185 -7.812 -8.493
-7.024 3.038 21.941 9.789 -15.146 6.182 -12.007 -1.289 -8.517 -9.009
-6.678 2.304 21.048 9.962 -16.326 5.083 -9.176 -0.586 -9.303 -9.741
-6.177 1.236 20.026 10.704 -17.261 2.154 -6.948 -0.126 -9.349 -9.618
-5.941 0.971 18.296 12.397 -17.722 0.013 -6.986 1.749 -7.848 -8.382
-5.911 0.583 16.535 13.441 -17.846 -2.431 -6.235 4.210 -7.671 -7.682
-5.604 -0.753 15.098 13.453 -16.325 -5.110 -7.371 5.320 -5.852 -9.433
-3.530 -1.217 13.147 12.982 -14.258 -6.114 -8.652 7.170 -4.251 -9.422
-2.503 -1.464 10.638 13.193 -12.028 -6.785 -11.691 7.655 -1.217 -9.057
-1.832 -1.285 8.525 12.907 -10.888 -5.669 -14.448 6.516 -0.508 -6.397
-1.832 -0.553 6.625 11.881 -8.341 -5.181 -17.264 4.457 1.661 -4.425
-0.663 1.224 4.249 9.903 -6.636 -3.458 -17.212 3.460 0.162 -0.060
0.462 2.470 2.665 6.696 -2.425 -1.116 -18.734 2.087 -3.937 5.081
1.093 4.656 2.747 2.867 -0.269 1.704 -17.077 2.512 -9.210 7.074
2.822 6.533 1.546 0.046 3.717 3.538 -13.116 2.042 -16.037 11.544
1.561 8.276 0.765 1.097 7.418 0.976 -2.297 3.438 -16.879 16.142
-1.498 2.821 3.594 11.628 11.112 13.167 0.681 -6.911 -9.155 1.601
-3.548 -0.468 -0.488 10.392 12.109 11.112 2.696 -6.700 -8.325 -1.202
-6.258 3.373 -4.812 0.934 5.538 2.991 7.847 5.674 -8.757 1.354
-5.940 -0.783 -12.935 -4.826 13.792 7.643 7.465 5.978 -5.137 5.052
-0.607 4.502 -11.367 -9.854 11.430 7.544 14.860 9.387 -5.622 2.268
-2.775 7.898 -9.973 -3.970 14.369 10.137 18.130 11.564 -0.386 4.019
1.304 14.268 -5.505 -7.581 3.767 3.932 10.290 -3.337 2.165 1.015
6.079 3.544 -0.415 -14.614 -0.329 8.199 1.449 -0.762 -2.701 1.922
6.266 -0.209 1.228 -14.525 0.305 11.622 -5.968 -0.931 -2.318 6.413
3.341 -0.100 0.901 -13.214 1.427 12.055 -9.587 -2.564 -1.179 8.477
1.942 1.472 -0.383 -10.117 3.082 8.788 -13.025 -2.304 -0.931 10.703
0.745 5.945 -1.356 -5.815 4.144 5.065 -11.634 -6.651 -1.332 8.589
-1.017 12.088 0.781 4.617 6.537 5.560 -1.072 -3.329 1.890 4.954
-1.940 10.308 6.122 8.680 13.068 5.739 3.364 -3.860 5.218 -0.530
-2.730 4.248 4.766 9.892 15.370 6.301 2.705 -1.085 1.768 2.462
-4.382 1.154 0.374 6.118 11.146 2.491 3.927 -2.889 1.822 -0.393
-12.977 0.727 -4.497 5.817 8.227 1.835 13.971 -1.113 2.929 -9.100
-7.423 6.648 -3.466 5.518 4.817 -5.391 6.652 -2.085 6.100 -3.264
2.521 2.580 0.263 -9.380 5.255 6.588 -9.496 -2.856 4.811 11.044
3.776 -2.462 0.797 -12.821 2.947 6.535 -12.404 -2.975 3.371 12.046
2.957 -2.037 1.681 -13.342 1.409 9.368 -10.828 -2.768 2.360 11.330
4.156 -2.883 1.877 -12.818 1.444 11.165 -9.932 -3.103 2.168 10.465
3.306 -2.392 0.493 -10.273 1.204 10.031 -10.927 -2.493 0.640 12.100
3.957 -2.058 1.095 -9.018 2.572 7.442 -10.599 -3.274 1.132 12.793
3.571 -0.761 -0.063 -5.052 3.724 5.365 -11.142 -4.488 -1.002 14.644
3.309 1.325 0.541 -1.857 5.089 4.288 -11.239 -6.959 -1.798 11.872
5.150 4.187 2.031 3.261 9.963 3.450 -4.562 -5.762 1.420 7.745
5.688 11.111 7.779 10.926 8.618 -2.491 -2.326 -3.665 5.700 5.062
4.978 10.302 9.605 10.811 9.377 -0.377 -5.245 -1.817 7.130 3.207
4.365 10.771 8.874 13.920 9.032 -2.302 -1.116 -0.187 9.235 -3.752
-5.171 2.565 3.369 7.603 4.560 -2.697 7.753 -0.116 2.592 -4.044
-1.076 1.762 4.600 8.718 -1.435 -12.663 -1.484 -1.480 7.506 -0.023
1.087 -3.118 6.195 8.237 -7.169 -3.787 -8.162 11.557 8.975 4.575
-0.470 -6.796 5.191 5.186 -11.801 -2.994 -6.792 14.155 8.645 2.328
0.713 -9.291 7.245 3.141 -12.478 -4.998 -1.610 13.489 10.511 2.219
1.671 -10.960 7.576 3.139 -13.670 -3.056 0.246 14.963 8.233 2.152
0.843 -10.981 6.503 3.850 -14.715 -1.387 -1.608 17.378 7.307 4.377
-0.107 -12.835 7.597 3.315 -15.607 0.224 -2.278 18.889 6.617 4.233
-1.109 -12.783 6.671 3.182 -13.372 -0.542 -0.671 18.562 5.486 3.723
-1.138 -12.821 5.752 4.086 -14.738 1.009 -0.859 19.818 5.657 3.632
-0.018 -12.362 5.508 4.430 -16.559 1.880 -0.348 18.411 5.563 3.666
1.159 -11.411 6.217 3.468 -16.758 1.654 2.032 17.043 6.617 2.883
1.135 -9.228 5.919 2.335 -16.368 2.608 0.993 17.735 6.503 2.125
2.207 -8.947 4.781 3.762 -17.608 2.096 1.294 17.894 7.417 4.555
4.100 -4.492 5.576 6.963 -9.587 -5.279 6.488 20.377 8.381 8.437
4.490 -0.723 3.269 7.892 0.420 -5.087 6.137 19.278 0.485 7.818
-1.123 2.055 1.261 7.724 3.317 -2.580 13.812 11.947 11.159 0.959
-3.488 -2.298 -3.014 6.232 0.528 -3.165 4.645 4.425 3.053 -0.389
-2.859 -2.092 -3.219 10.526 -0.649 -2.256 13.891 7.178 7.149 4.958
-6.694 -9.968 -3.650 8.934 -5.360 -0.795 17.469 9.763 4.657 4.055
-6.709 -10.159 -1.645 8.659 -7.325 2.236 19.214 9.132 4.633 -1.281
